D = [0.0663631194076439, -0.050010995621799885, -0.009347016576573004, -0.006714620351360462, 0.0]
K = [1084.9090564027433, 0.0, 938.0495572093841, 0.0, 1091.6943330193576, 512.5782019120095, 0.0, 0.0, 1.0]
R = [1.0, 0.0, 0.0, 0.0, 1.0, 0.0, 0.0, 0.0, 1.0]
P = [1111.7230224609375, 0.0, 918.7707584382588, 0.0, 0.0, 1124.953125, 499.42883756104857, 0.0, 0.0, 0.0, 1.0, 0.0]
None
# oST version 5.0 parameters


[image]

width
1920

height
1080

[narrow_stereo]

camera matrix
1084.909056 0.000000 938.049557
0.000000 1091.694333 512.578202
0.000000 0.000000 1.000000

distortion
0.066363 -0.050011 -0.009347 -0.006715 0.000000

rectification
1.000000 0.000000 0.000000
0.000000 1.000000 0.000000
0.000000 0.000000 1.000000

projection
1111.723022 0.000000 918.770758 0.000000
0.000000 1124.953125 499.428838 0.000000
0.000000 0.000000 1.000000 0.000000
